,G432,N413,N307,G433,L434,S379,S87,D413,P177,N410,P229,W40,S174,A371,L375,A76,L123,N103,S398,T296
0,0.11221348783451403,0.05953939832730984,0.06082137766342851,0.0784791403760126,0.058250948348498546,0.04491829970426847,0.05425228833814998,0.04010396744115151,0.047301711368537155,0.040840566398341785,0.033834123539776176,0.03417407217613437,0.046065435922661206,0.053508039554831965,0.03799967526382914,0.033668773161186355,0.035227466482571544,0.028899435042204612,0.05584736676940465,0.04405442628718769
1,0.11560777301606175,0.06279867914017079,0.0640544565240604,0.062412242691988105,0.06060010054090626,0.04804108435111781,0.047836977260650206,0.044803412226132516,0.0450870517429335,0.043752381151459546,0.037646086966161424,0.02715769302991705,0.03505974976556633,0.05936674511578622,0.03277903013589394,0.037192401535996435,0.0389128550925269,0.036486091251748065,0.051842641842844255,0.04856254661807836
2,0.10535538244388663,0.06443951604063294,0.08574454453123936,0.06767743427274203,0.05984655461715881,0.052490995564417435,0.04192197557732024,0.04583882984239908,0.03973471079891624,0.04154134194334598,0.03476481986790369,0.03695252669415918,0.048210272921576695,0.04824062229608379,0.03770920070215195,0.029183149614419767,0.03699647744418632,0.03594265566266725,0.04071476403444296,0.0466942251303496
3,0.11496219127604868,0.07035312875146717,0.0740588489326486,0.06895786751447203,0.05806413443446759,0.05033006929199055,0.03859776638092245,0.04451217111941823,0.03608328031600506,0.03674163760097482,0.038020947463259215,0.02820943612441114,0.04067824179148712,0.05658520206025281,0.0403462457457381,0.03745963844209054,0.04211189372997386,0.03411661576695069,0.047811645043540275,0.0419990382138812
4,0.10480940642872781,0.07183480949857783,0.07642665072840818,0.07053417046609971,0.05764036042609395,0.04742115307967061,0.040237210492833325,0.04007687008592374,0.045036351294321694,0.041036310592138296,0.03760369672154269,0.03294457312298778,0.04748597910385305,0.05131418088182,0.03854882338414235,0.026393766818001804,0.039102413842801144,0.03798816071507339,0.05006157179287576,0.043503540524106925
5,0.09077365956407843,0.07019705542312021,0.08906922598267823,0.06419470501948137,0.06353673997253004,0.0695107187772631,0.03949807612847518,0.03620294235843886,0.052844556782668355,0.04982417813013196,0.034772238175073494,0.02181702505601905,0.05122076782572528,0.051666822807835855,0.04331428183371074,0.020143860082723827,0.04052931533965352,0.023368801587058806,0.04844813088707316,0.0390668982662606
6,0.09700972927149835,0.05968797583518896,0.07787246095326196,0.06274620472868123,0.06196766529631026,0.0768526156233757,0.03452664434894186,0.04630248330053186,0.04948467128716602,0.047118201298899764,0.03839654055071551,0.022952343081653212,0.049488659326760276,0.04807760086020756,0.04105404895430324,0.02898721808009825,0.039212486203575786,0.025672074597025828,0.04424488408454923,0.04834549231725528
7,0.07890738106249656,0.07176104386245308,0.09121187166444797,0.05316862261015267,0.05755013000692587,0.0706364293364765,0.048279854694153204,0.043491399016417284,0.039578615710686715,0.043574638837786436,0.039624882145161675,0.03469438620615002,0.04215197146705225,0.046886661586439574,0.037513278080019356,0.02566578021474465,0.05466831119705135,0.027057900980582684,0.04450514543311133,0.04907169588769078
8,0.09051179796767617,0.06651243927034009,0.10065385259369233,0.06201851626678949,0.05235545605986232,0.0751434730829375,0.03217733425141777,0.03639948296419096,0.04879799200773109,0.04002198422476686,0.04050952912512283,0.025389822240238367,0.049079397135585096,0.04562849975092037,0.045393813612026296,0.024441119913852456,0.04961788959417297,0.03213079947461129,0.040936471491081726,0.04228032897298399
9,0.09883214796658367,0.06743884196139145,0.09043147946457492,0.05581021671508471,0.062340580410774726,0.07232149586887271,0.028549612776403124,0.037113943617114176,0.03225367700563551,0.04698129907487831,0.0387612435098677,0.03244219157873228,0.04336404658566929,0.0511163709939331,0.04160112892069128,0.028446336412996213,0.051686990011456144,0.02678803264753361,0.05158329975658289,0.042137064721224124
10,0.09001980437924605,0.08079551244300677,0.08364990456358058,0.06304132079644836,0.07203935312385287,0.059706807614931315,0.04377738048297237,0.04095039029905236,0.03962864866355989,0.04658572938259126,0.034227109946314296,0.021095698733837362,0.04753744565499411,0.0613110789289615,0.032771413043497864,0.025244173731104394,0.04359302610745075,0.016904517008936155,0.054007114427331256,0.0431135706683306
11,0.10284961706146376,0.08715808551452757,0.0797343663464893,0.05333625960583836,0.05742090715135235,0.06708241774766477,0.05439024496661003,0.03949137594630399,0.04090382228714364,0.043358288484316145,0.04343610811724259,0.019426347560803376,0.04582288272285023,0.05418516899628048,0.03557000866041449,0.028195097003761556,0.04105164502161508,0.017254343963606495,0.047407972938537914,0.04192503990317784
12,0.09690887451633329,0.07931063859455953,0.09296980788128308,0.05934560173519741,0.06797693520452884,0.04338680617793847,0.04934649642451764,0.0471571054132439,0.038075419363853884,0.04519488514025258,0.03360618138589732,0.021207606359259057,0.045799780204494406,0.05107959205628327,0.03930466526547439,0.028462585420987296,0.039842767088987825,0.021338433570609255,0.045585467221304576,0.05410035097499402
13,0.08601378323071149,0.08083234903051868,0.09741130769149357,0.0527547918892,0.06069833717923413,0.05892875892937219,0.03911309400157081,0.041181580893046736,0.05407977047295836,0.051868499414903346,0.03515620146231543,0.029839343718520022,0.04862161095169012,0.055982346247377926,0.03518293316904036,0.028382696491677496,0.036287196570611066,0.015494354861005921,0.04963651977908473,0.04253452401566776
14,0.09276743030573621,0.07364019330625668,0.08666140755560904,0.07116292333214236,0.05064974589409873,0.04889671847192501,0.0559291118053275,0.03654821437964884,0.0381130489302413,0.051029214880041814,0.03622045113719486,0.02429576765957836,0.04132737689862088,0.0560214608000231,0.033362481290079654,0.03340788753385523,0.04047646733249394,0.02369714989146538,0.05416224774242397,0.05163070085323702
15,0.10004656971014016,0.09234950323717463,0.08198485212629883,0.06138014206596212,0.06776960219753492,0.061786644634773076,0.04911817183569343,0.03620289063882843,0.04750528914710148,0.04357394190261864,0.03780699736392989,0.029172137938338828,0.04119125609424049,0.04347707405893526,0.03422529459662676,0.029363056827921608,0.0407266106819049,0.020644307156210757,0.040043564521577035,0.04163209326418877
16,0.08632177552659527,0.10376053455644574,0.06701528025512066,0.06255137133643769,0.06357433662920099,0.06476061047107903,0.062486317358434594,0.03664271841457151,0.04295529634550541,0.044863536360502644,0.0384001107701708,0.02950515500709512,0.04628690044409529,0.042024821384311885,0.04012771885259111,0.030398812886987144,0.03195180274661138,0.022659135475135157,0.04561004264307124,0.0381037225360373
17,0.08721693924344179,0.06970628535551897,0.08723605057737825,0.05161126445819908,0.051577270033332456,0.05212138560085899,0.06308863972382178,0.038829077145801125,0.04804326695495109,0.04565916697201068,0.04120117929364592,0.035811959338778884,0.05205547145692817,0.04953272185239901,0.039548682117514916,0.03890234601396223,0.03664385688211947,0.024634676191040157,0.04909640182848035,0.03748335895981656
18,0.09331669333423592,0.08108921395613386,0.07602989961274852,0.06279044596787128,0.06147346301050334,0.0449323850163716,0.06144248172751618,0.04229089094299796,0.04879806107971601,0.0446159865554763,0.0414078553208828,0.04701943928850996,0.04591922890646906,0.042379510160140195,0.0326238760890208,0.03285619740192681,0.04315302276801357,0.028491852562415064,0.037143087789448685,0.03222640850960221
19,0.09557150654102226,0.080460456104118,0.08040767584810621,0.07136284348345596,0.061100929379779664,0.062417961492247966,0.04874370646864897,0.03536010505753004,0.042455620346436164,0.051363907022436775,0.03522500460696783,0.03972129601408524,0.044754609520677245,0.04322695952570677,0.0397027385428174,0.029833631500047194,0.038867050559638794,0.020264453827323867,0.0454539924911253,0.03370555166782845
20,0.11523424733443415,0.07807840696273141,0.0844028876149441,0.06856849083905281,0.04333182607297169,0.05496891394059725,0.038774213941027154,0.043309537769922433,0.03850674710043433,0.04245681023519807,0.027912226782865025,0.04758263747398165,0.039815202929641656,0.05494093568099992,0.03945047850066061,0.026255464394781207,0.05305817039776602,0.0184949308112457,0.05030487770115953,0.03455299351558505
21,0.09646342970028521,0.08610609409227002,0.07674043283211045,0.08553644047103266,0.05875141720897782,0.05540718837721267,0.03372220397404116,0.03316976972943872,0.05738267538005948,0.05553899747853693,0.03273478659251046,0.027268190585503903,0.043552374611241014,0.05090389941458173,0.037858696647004336,0.022530199586899655,0.0433689841261217,0.021735802534066262,0.045913262290428906,0.035315154367676876
22,0.09948159324273556,0.06409872613925183,0.0739157095404013,0.07403303373361599,0.06220341733170052,0.0508970098945428,0.04306155910222892,0.03106847722992596,0.04955786162225094,0.04932423690130959,0.037031236193624126,0.03343947186267152,0.04691418799710747,0.05636974254275641,0.04546819193432617,0.03277620874161654,0.0442278981113863,0.024254962985116327,0.044468363777509325,0.037408111115922515
23,0.10589228257918867,0.07454869239730856,0.07698406904633646,0.06591863539860554,0.058607306964419494,0.042947345944589856,0.04487425624667905,0.034743457243910605,0.04562972969646038,0.05836148379233537,0.033774082177398794,0.049203045207697034,0.04842890050005837,0.04765748540589364,0.034054325103516685,0.02767623483230668,0.044417882246026885,0.027544456215530026,0.04135367459023862,0.03738265441149943
24,0.09719847346738957,0.08016383886592648,0.05982796912785739,0.057621449814272245,0.05030355648711244,0.04951198456121229,0.05102441188451589,0.0372968725840574,0.06197852871459828,0.05532554088692162,0.0399755722400338,0.04083631543939754,0.038393297383356326,0.047927226419870385,0.03542201860741042,0.038664321306284624,0.04048541883055171,0.029842523578421955,0.05562152230844914,0.0325791574923605
25,0.11219140644680897,0.08182077070940987,0.09072348819031573,0.044425656825592456,0.057104187309909106,0.04633464924990803,0.04937986197045553,0.04265622098438607,0.03989823608883117,0.04814315158434984,0.04304719232282553,0.021807761316544678,0.03839244807030631,0.05767323934684516,0.044626166043206225,0.027043615446485886,0.03746728480392815,0.02910824937977435,0.04481785970764652,0.04333855420247045
26,0.11066519982731055,0.06984458551895568,0.09802446976131252,0.06320787310550206,0.06171405055437786,0.046221208575478005,0.05384953578317982,0.04564086873507589,0.03192807292530014,0.04736655723669647,0.04411714289871437,0.017279782906891108,0.042104701741966906,0.05654821924058841,0.03869325192072052,0.029262383594561684,0.03847152241617382,0.022554709845577902,0.047850698631939775,0.03465516477967645
27,0.09336538807768309,0.07133531126958141,0.09300337259704564,0.06747367221423303,0.05459489654570415,0.04761450866256135,0.05937124131975997,0.040376373149462415,0.032347322421468906,0.04779148667953807,0.04533811358663655,0.030622207710636794,0.03938021527835444,0.05302521418841611,0.04354310218899785,0.02597397218791617,0.03586400277904207,0.025914697801149158,0.05556160410540214,0.03750329723641071
28,0.11776855689202287,0.06201153862288131,0.09618776406103523,0.062374514975946906,0.06485277168964072,0.04468388415198732,0.052141558647621364,0.04298788563540727,0.04403310700758526,0.035900692750629244,0.032633728305472454,0.018846478473701498,0.043871022961841005,0.0592516739953691,0.03630338627999632,0.035913698666272295,0.0370791588117673,0.02451998483718778,0.05096872111828969,0.03766987211534523
29,0.09587480220527131,0.06370928993431606,0.12025511877444066,0.06451825331096231,0.05757156889486397,0.04706618449403805,0.050524949351916926,0.043464786992748916,0.042583701410808104,0.04005945475942609,0.046267122234095,0.019471618097023344,0.04739308704756234,0.05139885587096514,0.03827327273625224,0.02982456816184316,0.03574588356269656,0.026933424597950485,0.04293044162777179,0.036133615935047644
30,0.08799234443676304,0.08474389688376234,0.0704673813342687,0.05303944055323496,0.05896174940668551,0.07558260205548738,0.03672077365818958,0.040581077546747064,0.06056108553786556,0.03784737810249377,0.03703990236896128,0.039091234967174454,0.036515284288324026,0.05340136139924041,0.03140788157956927,0.03459041673716367,0.04477755570708147,0.03148184033668526,0.04015003447961515,0.045046758620687
31,0.09383368404620027,0.06501080162821521,0.09519358717949532,0.05390098534215492,0.05422406390337468,0.0494168507498896,0.039102492284191596,0.03602345678529408,0.048327099935740185,0.045682003754945986,0.04206054942778683,0.030565519094288184,0.05064144110335483,0.05804301190321342,0.0358675036760578,0.040817837969987884,0.048306021583895103,0.028306761973988494,0.03839574810683572,0.04628057955108991
32,0.1002668438679259,0.07221264077062921,0.08629256564410717,0.04950989522891207,0.06897171675945697,0.050460745408033414,0.03864962605856513,0.02991927575042196,0.0777937676297775,0.04497509750450551,0.03063748817265358,0.028943108925499367,0.041268198897862,0.05245475276573615,0.03213155770109834,0.0358454213935268,0.044974054927304115,0.023138893913789586,0.039294108642596026,0.05226024003759912
33,0.0981842237391384,0.05715028136614363,0.08175952207068742,0.06377600055451073,0.06120697228613133,0.06284868321330632,0.042483051917037676,0.03350895508751359,0.04526209440192758,0.04280690031491547,0.03819129485577329,0.021061711810719877,0.04808820849424853,0.056250158408249956,0.03219183746986579,0.04287738846492054,0.05051333627146178,0.030604217100584592,0.036805837052844265,0.05442932512001916
34,0.08961953587216342,0.07010466736902794,0.07315932773705647,0.05721671215225595,0.05626111261587557,0.07347519528802715,0.04077957176628524,0.04296087138443691,0.05991325146622374,0.041995435800700386,0.03359921364023215,0.03095294945325104,0.04374679879982492,0.05143375947254006,0.03325795996684593,0.04037796332459075,0.04648194551336577,0.028732625294232223,0.03816060946417373,0.04777049361889041
35,0.0769600411798463,0.07354036836604408,0.08578576074320042,0.06261261472438756,0.05625236673666328,0.04630643271866297,0.052706450738825905,0.038310040980911814,0.057705159833484246,0.04491098421935877,0.0351002438750351,0.03159293328206189,0.04472244646843988,0.04902262520528182,0.03902935392573037,0.025149734123992136,0.05605575436841455,0.031114324279599974,0.05035049633441178,0.04277186789564711
36,0.0987492100426179,0.07109501584188406,0.05751399187088633,0.08753183109684298,0.06921487458359747,0.04783246066534239,0.03974317066157077,0.03666676061019522,0.04453836643657571,0.04741679966668449,0.04040066477123028,0.03501032528403682,0.04211486767686778,0.051715145216472136,0.03493131627385385,0.02818484206200423,0.052388111599416816,0.029360056996306713,0.046228697642892495,0.03936349100072158
37,0.10436016743331376,0.08177349343912489,0.07368455290842348,0.0692393819773181,0.06838623258993612,0.038190957917760025,0.041897569854718646,0.03787590183282369,0.0492038377684018,0.04204139949352005,0.03949064759424235,0.039968197953111885,0.03696608987865075,0.04925006112566752,0.04513942782967626,0.027926320043762443,0.042611507530546266,0.023356057358301607,0.04494349818492099,0.043694697285779405
38,0.08540235269415347,0.06586105089339864,0.0797603789355845,0.06551461867095253,0.05675447417864448,0.030449980039456762,0.052292665024916515,0.03616082226950763,0.07239940375482523,0.043612720047397094,0.037761538967605694,0.02840904791149142,0.048732083050816354,0.0522228895024734,0.04204665870957255,0.03484586509086396,0.053942626444867976,0.021767310846862616,0.048265580240866426,0.04379793272574281
39,0.09698561340598705,0.08340090368057677,0.08276525425480759,0.06733094027128449,0.055749284325373814,0.03780398401525992,0.052947653737126316,0.033540873163832204,0.06048355256224119,0.04366379308610166,0.034579255099480184,0.04168535553136287,0.039155159044999964,0.0483960678634971,0.039823407559408455,0.02805954536694078,0.042473048068669694,0.027461157600230088,0.0442026901851877,0.03949246117763215
40,0.08565880478924497,0.06848156323895807,0.08565230164881613,0.07679080051175576,0.06776385337829781,0.0637529251218527,0.03464815306117049,0.04233207882315401,0.049918415700509575,0.037739999011903516,0.042737155429038345,0.02745307883125033,0.04720085111946328,0.05465541879772757,0.03318945983885851,0.01996321094512275,0.03841853288660408,0.020341288088282422,0.05944166605306175,0.043860442724927916
41,0.11125371897295817,0.07190815330634719,0.08234389572326198,0.07286473192129227,0.06218680246734264,0.05321433680123456,0.04113503240087033,0.03616995998835847,0.04791961501264306,0.0443239756649803,0.04289419663724992,0.022077373513946088,0.05104468679029518,0.05321135876841451,0.02877824063081755,0.02471811978538892,0.036661076100573335,0.022202494965914317,0.05295147673102311,0.042140753817088206
42,0.09738758210684544,0.07177551196986308,0.08472377798185299,0.07495973221102961,0.0540943766615147,0.05686706677789975,0.051111197791796646,0.03656549138954214,0.05032238869121659,0.03995640165850087,0.04502522485722904,0.02601413095842023,0.03748097935276032,0.054177734735981434,0.03287961237529471,0.02548624312003349,0.03815981244780807,0.022363727297859622,0.053312346520301625,0.04733666109424979
43,0.10124284348806527,0.07124724362139528,0.09110340575235869,0.07635195191962171,0.056392155159951156,0.04219666258596074,0.049389412851197315,0.03858725034149307,0.04667755570052926,0.03904768935375845,0.038279085342275865,0.02764194688543158,0.043981067282647036,0.052883018793898694,0.02805587309408672,0.02700664663242169,0.044667801898065275,0.02644757314548284,0.05785019954476681,0.04095061660659264
44,0.10462905480862512,0.07657547686184868,0.0860635308588533,0.05488282250050239,0.05560045053371801,0.049917652775816224,0.04399296190144715,0.04003185736459628,0.0451300741950193,0.041165013875048825,0.040277248066628794,0.025841451077877015,0.043119201036554915,0.0719251208800228,0.032512139383733485,0.020587715424520064,0.03472135880851727,0.01776106633161319,0.06977532944030261,0.04549047387475457
45,0.08728378406960957,0.07225810977442972,0.0843435985794425,0.06029788709075235,0.06582124061646531,0.041870025591467915,0.04997002696416637,0.03451775302261891,0.05194827340828292,0.05184773422362165,0.0421994167259158,0.030708003230323546,0.04165099396331777,0.051462920939418,0.04415259035782655,0.02088579863698479,0.03958462293790703,0.017713472744257542,0.058477934523183665,0.05300581260000803
46,0.09155275511635796,0.06683975398993056,0.07237841938127872,0.06571020664818124,0.06874503741228417,0.0495815607023991,0.04010419872274193,0.048936787808792855,0.054945202559080995,0.04760093687146098,0.04488234905517041,0.025287349951933838,0.0455030748892226,0.047884242860321294,0.0447986219576924,0.024567084268793865,0.041946875594384495,0.02271317318154112,0.044406738654241155,0.051615630374190355
47,0.09472351301523553,0.07493274076935752,0.06851283886542527,0.06624079924908689,0.06803108279498979,0.04617179743932568,0.03940444841434386,0.0354422644862948,0.05092409254060659,0.05021698618771754,0.03907605315045731,0.02792362975055619,0.043319120095042775,0.05748410985486191,0.03261985275963784,0.02769214269209956,0.04466715980558187,0.02633152360207174,0.04897639402430974,0.057309450502997614
48,0.10738987755768911,0.07808309179828027,0.06634165405817155,0.08095474440840235,0.06983329210187796,0.03798413402820297,0.03676999713917087,0.03672361711200138,0.05880571207530219,0.0528430269795605,0.03938767855199559,0.019286495557082586,0.04122749665549658,0.04442379572093473,0.041018054586163956,0.0196590546512968,0.04337147752222224,0.023858352783262288,0.04557589176980921,0.0564625549430767
49,0.08931117556604705,0.06962386058221437,0.06818292179948676,0.06827483146427135,0.07094573255414052,0.05074055557433644,0.04791545523219517,0.03839589607036892,0.03743940837965117,0.05995926526048653,0.040253038600885326,0.03260760571755267,0.046914910528735886,0.05001092295674416,0.03823128600259432,0.025087147786416793,0.03576192779634792,0.02483264265777704,0.04149980463467673,0.06401161083507081
50,0.09209874459129397,0.07954159270714758,0.07708043783280395,0.073439385143094,0.051922806184895726,0.052354654919665365,0.049531116527089046,0.04483270609828845,0.03953569323788379,0.041979207266766155,0.044066167572773624,0.023069105130681375,0.04245643314081498,0.05955408487163128,0.03756537567076602,0.0289961111875469,0.04390290956647669,0.023080977744417374,0.05265359280755241,0.04233889779841117
51,0.08739844258416546,0.06043273688652457,0.06042295893675605,0.06159631469654372,0.06233221856771469,0.05884288558127987,0.04792581777083483,0.04780489846703955,0.049821763317605273,0.048206463692188624,0.037920367770757385,0.02309118287360859,0.046440787556725524,0.06199293477957247,0.03884185595256717,0.03035785872440974,0.045818370823411836,0.028985778335550494,0.05102118679530153,0.0507451758874427
52,0.09547202591631347,0.06437769475464312,0.08337557804851986,0.061498524531994024,0.05025879073754029,0.05609601043012443,0.056539433519964065,0.053097955156692904,0.04506473409954945,0.03895016215924273,0.039324136123293614,0.020293447228025698,0.04372831180325346,0.04835681616377954,0.03702868305507815,0.040674497333303444,0.03772221915318861,0.024752551668777475,0.057363546135302604,0.04602488198141313
53,0.08545324590556966,0.07634807938054355,0.079823090904396,0.07266780214267839,0.05383500355997367,0.05403071226666903,0.05226937319405812,0.03874001040739592,0.038510425391180984,0.04114829708392049,0.039787042272859154,0.024812009229621877,0.0434430595933707,0.05910123847743241,0.036288670607065435,0.025720261220214737,0.04411231710965114,0.025767002126775046,0.06477474899616502,0.0433676101304588
54,0.07985605749455277,0.07376142354081094,0.09035828298752037,0.05431859014938143,0.05161998617853423,0.049994560384145605,0.05943756816767573,0.04456539975346456,0.04799686273308647,0.055663602107881405,0.033539620975730065,0.02791779038951307,0.041459837033747275,0.06024721327423766,0.03397007237579007,0.02384310617340628,0.03887821270356242,0.020993027259367397,0.06278418931896566,0.0487945969986267
55,0.08958752113314486,0.07154595661956216,0.08279369664961894,0.05627711009831983,0.057902103515178445,0.05144233998066618,0.0571970825606159,0.04230216086470571,0.03870042097316483,0.051586632953817504,0.03468784343090595,0.03954055634709267,0.0421215918671532,0.054676273738138485,0.04205456207934971,0.03048081704987231,0.039874789500577906,0.022824621510883953,0.04726701018822212,0.04713690893900942
56,0.10098121331841335,0.07494559192615022,0.08877137173231353,0.06828356621995052,0.045071114354773296,0.04807112915516686,0.05273732024376045,0.03658449371219491,0.035063439200651865,0.055432700390694,0.03154649465244923,0.028379429207692763,0.04589177407274391,0.053214402228598454,0.04770487930763732,0.03357704699946758,0.03603959651804359,0.023108334409263586,0.05238113804136944,0.04221496430866506
57,0.0990691266949042,0.06559521646503237,0.08899054915625762,0.0638626022440521,0.059092737848850316,0.08008997495446815,0.04454864135208927,0.03392187303723255,0.0451810724025569,0.0462722215328097,0.03737186231371053,0.03521520292661489,0.04464249910402317,0.04604139165076614,0.03951910477804787,0.02717119356419889,0.038063401096725104,0.025738025111235782,0.04102512647550291,0.03858817729092153
58,0.08875874227529792,0.07406792257326004,0.08082009352591059,0.05225840098770557,0.0688496082814937,0.06148881906527256,0.05117799060834297,0.0408720629595051,0.04154395621355505,0.043689921747055216,0.03602899048391025,0.03084500874279227,0.0460890672712428,0.04792095317458454,0.05172706915005842,0.02895434721532452,0.03773823679373662,0.02316139712114649,0.047539596934404564,0.04646781487540078
59,0.10728315342271208,0.06674501561861107,0.09340910515437591,0.06391872198748597,0.06497065890141229,0.047662381513984726,0.044732388460268384,0.039610212223556936,0.0441965717839037,0.04393708611086569,0.037860141298996036,0.029793137795479208,0.04920424323738769,0.052587878538947135,0.034875088503746356,0.027712459543474805,0.03738848215777168,0.027397337390970392,0.04335121624243549,0.043364720113614474
60,0.09484313585744979,0.08422499574935408,0.06482322657457301,0.05405916728035623,0.06387018946835113,0.039152678963550465,0.04273209914901822,0.03070047505917226,0.04940910533309173,0.046441220751639756,0.04100499465520847,0.02632570832529016,0.04714343584753062,0.05913709004469587,0.03697891201076941,0.04813396200838034,0.04561688518554523,0.03540980866386302,0.04849856382320402,0.04149434524895621
61,0.08446084411527051,0.07560993887082716,0.06103590102192589,0.05998735781836454,0.06672922233340207,0.05385501751768678,0.05267577241564286,0.03401124931021306,0.04020922978641809,0.04868003926120805,0.04183712293946878,0.029936287443926197,0.05070188824202562,0.05572335619771482,0.04697387943204508,0.03400218659212974,0.043187473028799626,0.03085577007961391,0.04690821318449507,0.04261925040882198
62,0.08711237050948732,0.07665590738822267,0.0765681814981576,0.05856801222718558,0.058328852337009976,0.038663607497373215,0.049982122684734204,0.03314486226257012,0.041366460368589306,0.04902632830095907,0.03734221610388685,0.037355474487021374,0.04557567458316215,0.05544049800727713,0.04141133710790869,0.037039067258160814,0.048853261567631076,0.03072588835751904,0.049665050964041786,0.0471748264891021
63,0.0885997435261678,0.07367513469498539,0.058645989910145226,0.05939191730574087,0.061265236189968236,0.05051385552106931,0.043800867456635605,0.035940140424354616,0.05618942408397262,0.05113288607407172,0.04238812543384605,0.024710384351438908,0.0447883078511048,0.05765365328408399,0.04930986153015537,0.03177799553255652,0.04964341415084349,0.032585964740092746,0.04756392752409116,0.04042317041467555
64,0.0893888297898842,0.0796608586971846,0.06203124925640672,0.052219480686447745,0.06222312293956337,0.0557115776278969,0.042683091749101607,0.030674131548180533,0.0452483293134957,0.046257341324861076,0.03768436448235681,0.035118698391696915,0.04665568503653195,0.060179821232199115,0.0471534690031257,0.03764717313061193,0.04180462894663745,0.03489254178354394,0.0468678594193208,0.045897745640952906
65,0.09191178573176928,0.07599878197159843,0.055299568757595466,0.05603590626443864,0.052828493788834224,0.05758649560539735,0.04313542144570804,0.03146584730056586,0.04869891834600755,0.04738090915308165,0.04218294601221646,0.048281593660588824,0.03730681868979626,0.05523714979780536,0.030197247372582822,0.050042040794377546,0.04733725856758456,0.03520604167738087,0.05792038862059985,0.035946386442071106
66,0.09359332112387136,0.07068859135019569,0.05063830499215211,0.052672040368306854,0.06027176523487749,0.053678018005407696,0.0494238054454541,0.031840313002847585,0.057685466031163805,0.04624188629748682,0.0398985602435327,0.04640045306383828,0.04183067576532872,0.05609944883824914,0.04141884763252812,0.05258420521333998,0.04046895030733413,0.029942162268088664,0.04550765022141275,0.039115534594584
67,0.0982195055888318,0.0704689856640985,0.052250439391357144,0.050944215643930355,0.059200649973816875,0.049550526614721584,0.05227644158738114,0.035844480584946575,0.06752092073026114,0.05095938195904774,0.04386671036702917,0.04012010920375278,0.04839106789258629,0.04475591494552641,0.03108606790334074,0.03950287517076281,0.04737509178000331,0.026255125015818354,0.04946490706827387,0.0419465829145134
68,0.07710863436741926,0.06033708453673199,0.06876231288898471,0.0551729358547733,0.05885303145332833,0.04967326448379455,0.049708463556413285,0.03576198698359516,0.05221513311459208,0.04318871382354721,0.04636665861858347,0.04393163844647875,0.04337575359914517,0.05487216917987972,0.032586557443884584,0.04310093817422172,0.05592903294868698,0.04974959979308656,0.03947698321962206,0.03982910751323115
69,0.0932376609317047,0.056470604166900897,0.05501391264151724,0.0554195599032092,0.06543592983024488,0.044515131245202774,0.04207764546285142,0.03159483049008259,0.05736347565097596,0.048211595622904155,0.04263269243270235,0.05800284547878036,0.04265936920623257,0.054032970127656184,0.03307927073789321,0.038369743404401135,0.05433883029374099,0.04068942567869025,0.04803901633692457,0.03881549035738468
70,0.10043471229984348,0.07751679532249023,0.0763065558981146,0.07241236220415562,0.07399751720575194,0.05837235609372896,0.037531798342010904,0.03488744692461272,0.050602688825561154,0.03975785316559384,0.04322277247879544,0.028215393171161375,0.04314461034298997,0.0473433670243892,0.03554073914308084,0.028486015979388424,0.043891905645236366,0.02069190691533341,0.04929303782361999,0.03835016519414168
71,0.08864093504703878,0.07196224850592307,0.0830129511038561,0.05250951026266518,0.06616754989476514,0.07458103678416593,0.03910370291286611,0.03962175214414753,0.04050739808617992,0.04686961601423461,0.04729412396746689,0.03033220352709323,0.04294212374131854,0.0505447358873285,0.03526662549821752,0.025763263667469324,0.05049097214527161,0.031999226634698404,0.04026597666309428,0.042124047512199274
72,0.08038800261153212,0.0720219152275028,0.08992743007061496,0.05658961402877405,0.06535184111274135,0.059171780466483755,0.03803410824172903,0.03998238338375768,0.03318031829735939,0.048045982722355114,0.042716516432090935,0.04038601977278698,0.04850152699246206,0.048518782699024196,0.03822622283369578,0.02823675361333495,0.042996827998982946,0.030992202110236455,0.04494225175991879,0.051789519624616524
73,0.0971170561327157,0.07501354013565956,0.06503708562115366,0.06600393710730341,0.061931561918346666,0.049637917579174025,0.03911419237560434,0.04142189630258963,0.0331224944706508,0.04751747429029622,0.04590487476550824,0.0411044135176561,0.03774444296600306,0.04566734500767915,0.0403937215359027,0.03133263858861797,0.05182938063615483,0.024610526902116504,0.0547016372918993,0.050793862854968286
74,0.10418382175596493,0.08237105329951616,0.06716229863198901,0.058373970799297015,0.057944832902406755,0.06527577162647936,0.041974078565935526,0.03656993959643348,0.040032321746389155,0.04466023452867979,0.03609927820436632,0.03260117200853734,0.045676790422414876,0.050910167091437794,0.037925472007520646,0.03201492629479915,0.04355864015988228,0.029191901995168544,0.050594712331495234,0.04287861603128658
75,0.09292760247678858,0.07660728979171164,0.07370552388890213,0.062344958258212776,0.061220992290501736,0.046893207848839484,0.05073524837461475,0.039611085347260266,0.0629654880852119,0.03768839105553305,0.03561188168687776,0.03455596272384765,0.04030391829723425,0.04421061099906378,0.03616089061288256,0.035815983715441,0.04589506329324589,0.01827147296117744,0.05650162693853317,0.04797280135412022
76,0.09115204415365025,0.0642212140757378,0.0685185052242386,0.0520613730024822,0.053382210625114716,0.043491626238353516,0.046190574364141895,0.04063640194441212,0.05094121135768506,0.039224394401363986,0.04038499125167689,0.030365052122055744,0.04119587613367199,0.059092006247639425,0.0470500302247024,0.04451431050426921,0.053673004015968605,0.019421092057034448,0.060098931482519775,0.054385150573281464
77,0.09225445150198647,0.06585363849167025,0.07892765570508391,0.058424287163264726,0.0581191527798165,0.04484826250090034,0.039757270475432455,0.04212872770469866,0.0649326390143477,0.040703026925406276,0.03811604476830503,0.03592296766406905,0.04808891739110567,0.051687898681471174,0.03660719370795419,0.03410991554365968,0.04666650598374686,0.023144228893602552,0.050543211741939105,0.0491640033615394
78,0.11472600925403116,0.06547801362453165,0.0775107763909315,0.06203247643903865,0.06038693783721575,0.04516686076734312,0.04015083400554098,0.03994659598115127,0.04007467268279184,0.03847447013448008,0.0367602930509894,0.034648903453799625,0.047194571540940575,0.04300642884447419,0.03591134217974658,0.04905135781053062,0.048405019843046654,0.020744351302847415,0.05215499803905948,0.04817508681750951
79,0.08113675481990333,0.07436812698487519,0.07155608605187194,0.05522974916937474,0.06804734204590185,0.053439290572004985,0.04690077612337452,0.04022397509896814,0.06708829276728423,0.04094075206371516,0.04698029172023822,0.0308331794132258,0.04030626021727325,0.0456580646869227,0.036456329682995406,0.04040800740370366,0.04541125293558662,0.019260643863974452,0.046217808045109984,0.04953701633369583
80,0.09678888056447986,0.07980068106272228,0.07496600541467038,0.06848216825486211,0.06494974263926331,0.045503338667972446,0.05710149169696352,0.04476139644076138,0.058272221693079954,0.03589318144268674,0.040601191758890494,0.0381844848895776,0.047987412492899915,0.042601363114325795,0.034775317744772084,0.028080183913215366,0.03796817333652626,0.027739924481252273,0.04207542721441061,0.033467413176667654
81,0.1026917406167009,0.09892439263782513,0.0808543224989082,0.0568585592503735,0.07750847521394158,0.038324991186333604,0.052482961455706544,0.037012405525639454,0.06090782285095029,0.029468542759230252,0.03176905768959371,0.027008866432288472,0.038141045856186516,0.05253788364611957,0.035558072783699046,0.02936356322100325,0.041869483447192796,0.026503282254631645,0.047438466541978676,0.03477606413169692
82,0.10562085578026628,0.08527217843798121,0.07018294143834819,0.04900715154705447,0.053953643451461954,0.04787262620663544,0.0628989408979761,0.03568237512270902,0.06250863634908731,0.034624537082173154,0.028418334782572902,0.022739379727100866,0.048249921625402176,0.0528262333037812,0.035724863914536796,0.04718510017749085,0.04089578376124109,0.03183636805720042,0.04207907928856533,0.04242104904841533
83,0.10246934955512894,0.07112399762666448,0.08067039098830697,0.06016664893877401,0.05918465287777791,0.0398507914306985,0.05966610045655795,0.044438894923901365,0.05110895154472133,0.04054102077349624,0.03577392251798728,0.0382945579640759,0.04679485295450421,0.04769304938069241,0.03601758422392372,0.03287460274429407,0.04524739529657169,0.030437699780117716,0.03812012197739695,0.0395254140444083
84,0.08515146103866526,0.09020069539283357,0.0761318301027711,0.05190916754270132,0.05525506384776461,0.046793391775984065,0.07842903394131151,0.039731166249268944,0.054925863059154006,0.03447193326109478,0.03520772272012412,0.0270736404139854,0.049315339490505566,0.048140282831946615,0.03374032129524059,0.04002543453361453,0.047138547143411376,0.02631846256566586,0.046271576265170034,0.03376906652878687
85,0.1055474305285732,0.0712900443334136,0.06546242948490387,0.07349508508437357,0.06110511888974433,0.05356312513041585,0.05762065954706724,0.03328038454743774,0.05945496956746399,0.05649798585926183,0.04454227841645765,0.028593535118760862,0.0417384589800415,0.04647634383594903,0.03174253648620933,0.02301372525174839,0.039894820917895535,0.02473945839940813,0.040519677829862266,0.04142193179101198
86,0.1063922495526055,0.07215704224989382,0.07841912933994279,0.06358982025089444,0.06125097258395823,0.05136273511173946,0.05239511650860001,0.03207868945306829,0.04995239538270511,0.056637374794090846,0.046907204551590934,0.032422488024439144,0.047516013972173414,0.0458782310118082,0.03335109375612178,0.02537391707773939,0.03689905317527107,0.02423533768315557,0.043080493466311785,0.04010064205389012
87,0.10208811740618652,0.07019941991298181,0.07414587953580966,0.06211674962552075,0.05383995173744166,0.05129692227382817,0.055473043833915194,0.04444640452224902,0.054678822340696646,0.050273579714552555,0.05010049812241479,0.029941129505525597,0.04423865973516792,0.04840821120256126,0.03331625016054381,0.024287248075454744,0.03957011529137217,0.025675931516817952,0.044220760070390996,0.04168230541656875
88,0.10883542699668039,0.06938112133607323,0.06522829264360643,0.06515616247964148,0.053646884446827955,0.04779360329349447,0.05237573020605238,0.03133480959377867,0.0645175203244698,0.05290574274488816,0.041840970128372644,0.02752211452712484,0.04214633737677743,0.06143934339081685,0.042083967547007634,0.022671774799656333,0.03762129485981698,0.023309127812304733,0.0527839517902207,0.037405823702388964
89,0.11437425050845719,0.07074073028091225,0.06322905703688353,0.0746722006689928,0.05698416045690144,0.06431886649349057,0.045889478470581425,0.03457587058155486,0.05441039598634459,0.05783242631446853,0.04239402771676193,0.021127446963170926,0.04963013051235011,0.04474584069805197,0.036462020789759374,0.02468516099937243,0.04019908090805432,0.02521329091903446,0.0391834187103525,0.03933214498450479
90,0.11237968575862112,0.05497998324390327,0.10683174593888152,0.06118721987909288,0.05409137266403102,0.04494119080796021,0.06289344725793077,0.03662430708933483,0.05157326975220665,0.03842302771564969,0.03497005879898475,0.03805131208350015,0.04885337565119655,0.041540376428494674,0.02705923830331003,0.020111063861062803,0.05037913182964135,0.03357153135641915,0.04526633949168741,0.03627232208809119
91,0.12036514510100953,0.05801608508622112,0.09291892866792845,0.059770077333965575,0.05324396121812225,0.05884703425107779,0.037911277789317896,0.03158810868304763,0.04311548271409959,0.05044056199815023,0.030202408250707254,0.03215094673104673,0.044901560344148064,0.04831191958855363,0.03141387970115321,0.028403528947836723,0.04797650767203418,0.03392394594002944,0.0507610575732199,0.04573758240833086
92,0.09776664232903834,0.06924958630635805,0.07817087068491227,0.060361898483816685,0.051005899795260795,0.058773994134358784,0.045602357846212464,0.044233958015465896,0.036427818859178125,0.049626398457613706,0.03742607099375075,0.04404029001955305,0.04608913449833064,0.04194853177929216,0.03226363354029442,0.02590293800232788,0.048117284174291876,0.03508299938688376,0.05036984242791606,0.04753985026514448
93,0.10512014527338497,0.06693597459832001,0.09016674032856495,0.048571054275362575,0.05246347572656039,0.06041968516934784,0.052106934159893016,0.037443558718459405,0.042326570635114746,0.056167064907528236,0.035539462618342885,0.03688334777674703,0.046285952623879294,0.047276415385089886,0.03063874227562428,0.023871649731566625,0.03854394076175435,0.026596812616285142,0.05295997614310309,0.049682496275071306
94,0.09770782393687141,0.06709171839451913,0.09847014523443766,0.0497396049385514,0.04870936942159668,0.04960797533182869,0.06646119570631157,0.03823435019735228,0.038847544962203745,0.04433755110157334,0.035719973862465094,0.02554178160754632,0.04975290383693584,0.05125755857781509,0.033342260039487065,0.026260909340085327,0.042339064846726095,0.03371465972866459,0.05042516506029834,0.05243844387473022
95,0.09072633135042439,0.07446043939688073,0.07452545467903182,0.07041265841144077,0.06310115716918815,0.03162444969633288,0.060360776872002794,0.03719674753671843,0.04711405708316893,0.04928338321750298,0.035684714221109984,0.03578772080016832,0.0444760240386206,0.04580110152430078,0.030084321930233263,0.04717124249932461,0.0471114115016177,0.031246440633026912,0.03875690035865471,0.04507466708025118
96,0.09174467486591366,0.07170106229032792,0.07073755793016961,0.048661029944659026,0.055153962215968313,0.06096453952566997,0.05159646003913654,0.03808849318660283,0.05291114849281962,0.05506207735225777,0.0432871938178007,0.023191196991574195,0.05302748709112079,0.04872013185078985,0.03716373403387887,0.034314247364333604,0.053011237032824024,0.029648716451019675,0.03788148631916764,0.04313356320396541
97,0.0876258607107719,0.07124433862811512,0.0754179006241193,0.05178965093507633,0.06325021081446011,0.03921120792555848,0.04702562194970356,0.03534697203987742,0.051603994296133764,0.04693837711269427,0.03743648756693476,0.033503705636338824,0.06353853840915895,0.052161492893764205,0.04006188565574067,0.034272378435921944,0.05211997278243765,0.02971985115208074,0.04180677274631794,0.045924779684794095
