,G432,N413,N307,G433,L434,S379,S87,D413,P177,N410,P229,W40,S174,A371,L375,A76,L123,N103,S398,T296
0,0.112213488,0.059539398,0.060821378,0.07847914,0.058250948,0.0449183,0.054252288,0.040103967,0.047301711,0.040840566,0.033834124,0.034174072,0.046065436,0.05350804,0.037999675,0.033668773,0.035227466,0.028899435,0.055847367,0.044054426
1,0.115607773,0.062798679,0.064054457,0.062412243,0.060600101,0.048041084,0.047836977,0.044803412,0.045087052,0.043752381,0.037646087,0.027157693,0.03505975,0.059366745,0.03277903,0.037192402,0.038912855,0.036486091,0.051842642,0.048562547
2,0.105355382,0.064439516,0.085744545,0.067677434,0.059846555,0.052490996,0.041921976,0.04583883,0.039734711,0.041541342,0.03476482,0.036952527,0.048210273,0.048240622,0.037709201,0.02918315,0.036996477,0.035942656,0.040714764,0.046694225
3,0.114962191,0.070353129,0.074058849,0.068957868,0.058064134,0.050330069,0.038597766,0.044512171,0.03608328,0.036741638,0.038020947,0.028209436,0.040678242,0.056585202,0.040346246,0.037459638,0.042111894,0.034116616,0.047811645,0.041999038
4,0.104809406,0.071834809,0.076426651,0.07053417,0.05764036,0.047421153,0.04023721,0.04007687,0.045036351,0.041036311,0.037603697,0.032944573,0.047485979,0.051314181,0.038548823,0.026393767,0.039102414,0.037988161,0.050061572,0.043503541
5,0.09077366,0.070197055,0.089069226,0.064194705,0.06353674,0.069510719,0.039498076,0.036202942,0.052844557,0.049824178,0.034772238,0.021817025,0.051220768,0.051666823,0.043314282,0.02014386,0.040529315,0.023368802,0.048448131,0.039066898
6,0.097009729,0.059687976,0.077872461,0.062746205,0.061967665,0.076852616,0.034526644,0.046302483,0.049484671,0.047118201,0.038396541,0.022952343,0.049488659,0.048077601,0.041054049,0.028987218,0.039212486,0.025672075,0.044244884,0.048345492
7,0.078907381,0.071761044,0.091211872,0.053168623,0.05755013,0.070636429,0.048279855,0.043491399,0.039578616,0.043574639,0.039624882,0.034694386,0.042151971,0.046886662,0.037513278,0.02566578,0.054668311,0.027057901,0.044505145,0.049071696
8,0.090511798,0.066512439,0.100653853,0.062018516,0.052355456,0.075143473,0.032177334,0.036399483,0.048797992,0.040021984,0.040509529,0.025389822,0.049079397,0.0456285,0.045393814,0.02444112,0.04961789,0.032130799,0.040936471,0.042280329
9,0.098832148,0.067438842,0.090431479,0.055810217,0.06234058,0.072321496,0.028549613,0.037113944,0.032253677,0.046981299,0.038761244,0.032442192,0.043364047,0.051116371,0.041601129,0.028446336,0.05168699,0.026788033,0.0515833,0.042137065
10,0.090019804,0.080795512,0.083649905,0.063041321,0.072039353,0.059706808,0.04377738,0.04095039,0.039628649,0.046585729,0.03422711,0.021095699,0.047537446,0.061311079,0.032771413,0.025244174,0.043593026,0.016904517,0.054007114,0.043113571
11,0.102849617,0.087158086,0.079734366,0.05333626,0.057420907,0.067082418,0.054390245,0.039491376,0.040903822,0.043358288,0.043436108,0.019426348,0.045822883,0.054185169,0.035570009,0.028195097,0.041051645,0.017254344,0.047407973,0.04192504
12,0.096908875,0.079310639,0.092969808,0.059345602,0.067976935,0.043386806,0.049346496,0.047157105,0.038075419,0.045194885,0.033606181,0.021207606,0.04579978,0.051079592,0.039304665,0.028462585,0.039842767,0.021338434,0.045585467,0.054100351
13,0.086013783,0.080832349,0.097411308,0.052754792,0.060698337,0.058928759,0.039113094,0.041181581,0.05407977,0.051868499,0.035156201,0.029839344,0.048621611,0.055982346,0.035182933,0.028382696,0.036287197,0.015494355,0.04963652,0.042534524
14,0.09276743,0.073640193,0.086661408,0.071162923,0.050649746,0.048896718,0.055929112,0.036548214,0.038113049,0.051029215,0.036220451,0.024295768,0.041327377,0.056021461,0.033362481,0.033407888,0.040476467,0.02369715,0.054162248,0.051630701
15,0.10004657,0.092349503,0.081984852,0.061380142,0.067769602,0.061786645,0.049118172,0.036202891,0.047505289,0.043573942,0.037806997,0.029172138,0.041191256,0.043477074,0.034225295,0.029363057,0.040726611,0.020644307,0.040043565,0.041632093
16,0.086321776,0.103760535,0.06701528,0.062551371,0.063574337,0.06476061,0.062486317,0.036642718,0.042955296,0.044863536,0.038400111,0.029505155,0.0462869,0.042024821,0.040127719,0.030398813,0.031951803,0.022659135,0.045610043,0.038103723
17,0.087216939,0.069706285,0.087236051,0.051611264,0.05157727,0.052121386,0.06308864,0.038829077,0.048043267,0.045659167,0.041201179,0.035811959,0.052055471,0.049532722,0.039548682,0.038902346,0.036643857,0.024634676,0.049096402,0.037483359
18,0.093316693,0.081089214,0.0760299,0.062790446,0.061473463,0.044932385,0.061442482,0.042290891,0.048798061,0.044615987,0.041407855,0.047019439,0.045919229,0.04237951,0.032623876,0.032856197,0.043153023,0.028491853,0.037143088,0.032226409
19,0.095571507,0.080460456,0.080407676,0.071362843,0.061100929,0.062417961,0.048743706,0.035360105,0.04245562,0.051363907,0.035225005,0.039721296,0.04475461,0.04322696,0.039702739,0.029833632,0.038867051,0.020264454,0.045453992,0.033705552
20,0.115234247,0.078078407,0.084402888,0.068568491,0.043331826,0.054968914,0.038774214,0.043309538,0.038506747,0.04245681,0.027912227,0.047582637,0.039815203,0.054940936,0.039450479,0.026255464,0.05305817,0.018494931,0.050304878,0.034552994
21,0.09646343,0.086106094,0.076740433,0.08553644,0.058751417,0.055407188,0.033722204,0.03316977,0.057382675,0.055538997,0.032734787,0.027268191,0.043552375,0.050903899,0.037858697,0.0225302,0.043368984,0.021735803,0.045913262,0.035315154
22,0.099481593,0.064098726,0.07391571,0.074033034,0.062203417,0.05089701,0.043061559,0.031068477,0.049557862,0.049324237,0.037031236,0.033439472,0.046914188,0.056369743,0.045468192,0.032776209,0.044227898,0.024254963,0.044468364,0.037408111
23,0.105892283,0.074548692,0.076984069,0.065918635,0.058607307,0.042947346,0.044874256,0.034743457,0.04562973,0.058361484,0.033774082,0.049203045,0.048428901,0.047657485,0.034054325,0.027676235,0.044417882,0.027544456,0.041353675,0.037382654
24,0.097198473,0.080163839,0.059827969,0.05762145,0.050303556,0.049511985,0.051024412,0.037296873,0.061978529,0.055325541,0.039975572,0.040836315,0.038393297,0.047927226,0.035422019,0.038664321,0.040485419,0.029842524,0.055621522,0.032579157
25,0.112191406,0.081820771,0.090723488,0.044425657,0.057104187,0.046334649,0.049379862,0.042656221,0.039898236,0.048143152,0.043047192,0.021807761,0.038392448,0.057673239,0.044626166,0.027043615,0.037467285,0.029108249,0.04481786,0.043338554
26,0.1106652,0.069844586,0.09802447,0.063207873,0.061714051,0.046221209,0.053849536,0.045640869,0.031928073,0.047366557,0.044117143,0.017279783,0.042104702,0.056548219,0.038693252,0.029262384,0.038471522,0.02255471,0.047850699,0.034655165
27,0.093365388,0.071335311,0.093003373,0.067473672,0.054594897,0.047614509,0.059371241,0.040376373,0.032347322,0.047791487,0.045338114,0.030622208,0.039380215,0.053025214,0.043543102,0.025973972,0.035864003,0.025914698,0.055561604,0.037503297
28,0.117768557,0.062011539,0.096187764,0.062374515,0.064852772,0.044683884,0.052141559,0.042987886,0.044033107,0.035900693,0.032633728,0.018846478,0.043871023,0.059251674,0.036303386,0.035913699,0.037079159,0.024519985,0.050968721,0.037669872
29,0.095874802,0.06370929,0.120255119,0.064518253,0.057571569,0.047066184,0.050524949,0.043464787,0.042583701,0.040059455,0.046267122,0.019471618,0.047393087,0.051398856,0.038273273,0.029824568,0.035745884,0.026933425,0.042930442,0.036133616
30,0.087992344,0.084743897,0.070467381,0.053039441,0.058961749,0.075582602,0.036720774,0.040581078,0.060561086,0.037847378,0.037039902,0.039091235,0.036515284,0.053401361,0.031407882,0.034590417,0.044777556,0.03148184,0.040150034,0.045046759
31,0.093833684,0.065010802,0.095193587,0.053900985,0.054224064,0.049416851,0.039102492,0.036023457,0.0483271,0.045682004,0.042060549,0.030565519,0.050641441,0.058043012,0.035867504,0.040817838,0.048306022,0.028306762,0.038395748,0.04628058
32,0.100266844,0.072212641,0.086292566,0.049509895,0.068971717,0.050460745,0.038649626,0.029919276,0.077793768,0.044975098,0.030637488,0.028943109,0.041268199,0.052454753,0.032131558,0.035845421,0.044974055,0.023138894,0.039294109,0.05226024
33,0.098184224,0.057150281,0.081759522,0.063776001,0.061206972,0.062848683,0.042483052,0.033508955,0.045262094,0.0428069,0.038191295,0.021061712,0.048088208,0.056250158,0.032191837,0.042877388,0.050513336,0.030604217,0.036805837,0.054429325
34,0.089619536,0.070104667,0.073159328,0.057216712,0.056261113,0.073475195,0.040779572,0.042960871,0.059913251,0.041995436,0.033599214,0.030952949,0.043746799,0.051433759,0.03325796,0.040377963,0.046481946,0.028732625,0.038160609,0.047770494
35,0.076960041,0.073540368,0.085785761,0.062612615,0.056252367,0.046306433,0.052706451,0.038310041,0.05770516,0.044910984,0.035100244,0.031592933,0.044722446,0.049022625,0.039029354,0.025149734,0.056055754,0.031114324,0.050350496,0.042771868
36,0.09874921,0.071095016,0.057513992,0.087531831,0.069214875,0.047832461,0.039743171,0.036666761,0.044538366,0.0474168,0.040400665,0.035010325,0.042114868,0.051715145,0.034931316,0.028184842,0.052388112,0.029360057,0.046228698,0.039363491
37,0.104360167,0.081773493,0.073684553,0.069239382,0.068386233,0.038190958,0.04189757,0.037875902,0.049203838,0.042041399,0.039490648,0.039968198,0.03696609,0.049250061,0.045139428,0.02792632,0.042611508,0.023356057,0.044943498,0.043694697
38,0.085402353,0.065861051,0.079760379,0.065514619,0.056754474,0.03044998,0.052292665,0.036160822,0.072399404,0.04361272,0.037761539,0.028409048,0.048732083,0.05222289,0.042046659,0.034845865,0.053942626,0.021767311,0.04826558,0.043797933
39,0.096985613,0.083400904,0.082765254,0.06733094,0.055749284,0.037803984,0.052947654,0.033540873,0.060483553,0.043663793,0.034579255,0.041685356,0.039155159,0.048396068,0.039823408,0.028059545,0.042473048,0.027461158,0.04420269,0.039492461
40,0.085658805,0.068481563,0.085652302,0.076790801,0.067763853,0.063752925,0.034648153,0.042332079,0.049918416,0.037739999,0.042737155,0.027453079,0.047200851,0.054655419,0.03318946,0.019963211,0.038418533,0.020341288,0.059441666,0.043860443
41,0.111253719,0.071908153,0.082343896,0.072864732,0.062186802,0.053214337,0.041135032,0.03616996,0.047919615,0.044323976,0.042894197,0.022077374,0.051044687,0.053211359,0.028778241,0.02471812,0.036661076,0.022202495,0.052951477,0.042140754
42,0.097387582,0.071775512,0.084723778,0.074959732,0.054094377,0.056867067,0.051111198,0.036565491,0.050322389,0.039956402,0.045025225,0.026014131,0.037480979,0.054177735,0.032879612,0.025486243,0.038159812,0.022363727,0.053312347,0.047336661
43,0.101242843,0.071247244,0.091103406,0.076351952,0.056392155,0.042196663,0.049389413,0.03858725,0.046677556,0.039047689,0.038279085,0.027641947,0.043981067,0.052883019,0.028055873,0.027006647,0.044667802,0.026447573,0.0578502,0.040950617
44,0.104629055,0.076575477,0.086063531,0.054882823,0.055600451,0.049917653,0.043992962,0.040031857,0.045130074,0.041165014,0.040277248,0.025841451,0.043119201,0.071925121,0.032512139,0.020587715,0.034721359,0.017761066,0.069775329,0.045490474
45,0.087283784,0.07225811,0.084343599,0.060297887,0.065821241,0.041870026,0.049970027,0.034517753,0.051948273,0.051847734,0.042199417,0.030708003,0.041650994,0.051462921,0.04415259,0.020885799,0.039584623,0.017713473,0.058477935,0.053005813
46,0.091552755,0.066839754,0.072378419,0.065710207,0.068745037,0.049581561,0.040104199,0.048936788,0.054945203,0.047600937,0.044882349,0.02528735,0.045503075,0.047884243,0.044798622,0.024567084,0.041946876,0.022713173,0.044406739,0.05161563
47,0.094723513,0.074932741,0.068512839,0.066240799,0.068031083,0.046171797,0.039404448,0.035442264,0.050924093,0.050216986,0.039076053,0.02792363,0.04331912,0.05748411,0.032619853,0.027692143,0.04466716,0.026331524,0.048976394,0.057309451
48,0.107389878,0.078083092,0.066341654,0.080954744,0.069833292,0.037984134,0.036769997,0.036723617,0.058805712,0.052843027,0.039387679,0.019286496,0.041227497,0.044423796,0.041018055,0.019659055,0.043371478,0.023858353,0.045575892,0.056462555
49,0.089311176,0.069623861,0.068182922,0.068274831,0.070945733,0.050740556,0.047915455,0.038395896,0.037439408,0.059959265,0.040253039,0.032607606,0.046914911,0.050010923,0.038231286,0.025087148,0.035761928,0.024832643,0.041499805,0.064011611
50,0.092098745,0.079541593,0.077080438,0.073439385,0.051922806,0.052354655,0.049531117,0.044832706,0.039535693,0.041979207,0.044066168,0.023069105,0.042456433,0.059554085,0.037565376,0.028996111,0.04390291,0.023080978,0.052653593,0.042338898
51,0.087398443,0.060432737,0.060422959,0.061596315,0.062332219,0.058842886,0.047925818,0.047804898,0.049821763,0.048206464,0.037920368,0.023091183,0.046440788,0.061992935,0.038841856,0.030357859,0.045818371,0.028985778,0.051021187,0.050745176
52,0.095472026,0.064377695,0.083375578,0.061498525,0.050258791,0.05609601,0.056539434,0.053097955,0.045064734,0.038950162,0.039324136,0.020293447,0.043728312,0.048356816,0.037028683,0.040674497,0.037722219,0.024752552,0.057363546,0.046024882
53,0.085453246,0.076348079,0.079823091,0.072667802,0.053835004,0.054030712,0.052269373,0.03874001,0.038510425,0.041148297,0.039787042,0.024812009,0.04344306,0.059101238,0.036288671,0.025720261,0.044112317,0.025767002,0.064774749,0.04336761
54,0.079856057,0.073761424,0.090358283,0.05431859,0.051619986,0.04999456,0.059437568,0.0445654,0.047996863,0.055663602,0.033539621,0.02791779,0.041459837,0.060247213,0.033970072,0.023843106,0.038878213,0.020993027,0.062784189,0.048794597
55,0.089587521,0.071545957,0.082793697,0.05627711,0.057902104,0.05144234,0.057197083,0.042302161,0.038700421,0.051586633,0.034687843,0.039540556,0.042121592,0.054676274,0.042054562,0.030480817,0.03987479,0.022824622,0.04726701,0.047136909
56,0.100981213,0.074945592,0.088771372,0.068283566,0.045071114,0.048071129,0.05273732,0.036584494,0.035063439,0.0554327,0.031546495,0.028379429,0.045891774,0.053214402,0.047704879,0.033577047,0.036039597,0.023108334,0.052381138,0.042214964
57,0.099069127,0.065595216,0.088990549,0.063862602,0.059092738,0.080089975,0.044548641,0.033921873,0.045181072,0.046272222,0.037371862,0.035215203,0.044642499,0.046041392,0.039519105,0.027171194,0.038063401,0.025738025,0.041025126,0.038588177
58,0.088758742,0.074067923,0.080820094,0.052258401,0.068849608,0.061488819,0.051177991,0.040872063,0.041543956,0.043689922,0.03602899,0.030845009,0.046089067,0.047920953,0.051727069,0.028954347,0.037738237,0.023161397,0.047539597,0.046467815
59,0.107283153,0.066745016,0.093409105,0.063918722,0.064970659,0.047662382,0.044732388,0.039610212,0.044196572,0.043937086,0.037860141,0.029793138,0.049204243,0.052587879,0.034875089,0.02771246,0.037388482,0.027397337,0.043351216,0.04336472
60,0.094843136,0.084224996,0.064823227,0.054059167,0.063870189,0.039152679,0.042732099,0.030700475,0.049409105,0.046441221,0.041004995,0.026325708,0.047143436,0.05913709,0.036978912,0.048133962,0.045616885,0.035409809,0.048498564,0.041494345
61,0.084460844,0.075609939,0.061035901,0.059987358,0.066729222,0.053855018,0.052675772,0.034011249,0.04020923,0.048680039,0.041837123,0.029936287,0.050701888,0.055723356,0.046973879,0.034002187,0.043187473,0.03085577,0.046908213,0.04261925
62,0.087112371,0.076655907,0.076568181,0.058568012,0.058328852,0.038663607,0.049982123,0.033144862,0.04136646,0.049026328,0.037342216,0.037355474,0.045575675,0.055440498,0.041411337,0.037039067,0.048853262,0.030725888,0.049665051,0.047174826
63,0.088599744,0.073675135,0.05864599,0.059391917,0.061265236,0.050513856,0.043800867,0.03594014,0.056189424,0.051132886,0.042388125,0.024710384,0.044788308,0.057653653,0.049309862,0.031777996,0.049643414,0.032585965,0.047563928,0.04042317
64,0.08938883,0.079660859,0.062031249,0.052219481,0.062223123,0.055711578,0.042683092,0.030674132,0.045248329,0.046257341,0.037684364,0.035118698,0.046655685,0.060179821,0.047153469,0.037647173,0.041804629,0.034892542,0.046867859,0.045897746
65,0.091911786,0.075998782,0.055299569,0.056035906,0.052828494,0.057586496,0.043135421,0.031465847,0.048698918,0.047380909,0.042182946,0.048281594,0.037306819,0.05523715,0.030197247,0.050042041,0.047337259,0.035206042,0.057920389,0.035946386
66,0.093593321,0.070688591,0.050638305,0.05267204,0.060271765,0.053678018,0.049423805,0.031840313,0.057685466,0.046241886,0.03989856,0.046400453,0.041830676,0.056099449,0.041418848,0.052584205,0.04046895,0.029942162,0.04550765,0.039115535
67,0.098219506,0.070468986,0.052250439,0.050944216,0.05920065,0.049550527,0.052276442,0.035844481,0.067520921,0.050959382,0.04386671,0.040120109,0.048391068,0.044755915,0.031086068,0.039502875,0.047375092,0.026255125,0.049464907,0.041946583
68,0.077108634,0.060337085,0.068762313,0.055172936,0.058853031,0.049673264,0.049708464,0.035761987,0.052215133,0.043188714,0.046366659,0.043931638,0.043375754,0.054872169,0.032586557,0.043100938,0.055929033,0.0497496,0.039476983,0.039829108
69,0.093237661,0.056470604,0.055013913,0.05541956,0.06543593,0.044515131,0.042077645,0.03159483,0.057363476,0.048211596,0.042632692,0.058002845,0.042659369,0.05403297,0.033079271,0.038369743,0.05433883,0.040689426,0.048039016,0.03881549
70,0.100434712,0.077516795,0.076306556,0.072412362,0.073997517,0.058372356,0.037531798,0.034887447,0.050602689,0.039757853,0.043222772,0.028215393,0.04314461,0.047343367,0.035540739,0.028486016,0.043891906,0.020691907,0.049293038,0.038350165
71,0.088640935,0.071962249,0.083012951,0.05250951,0.06616755,0.074581037,0.039103703,0.039621752,0.040507398,0.046869616,0.047294124,0.030332204,0.042942124,0.050544736,0.035266625,0.025763264,0.050490972,0.031999227,0.040265977,0.042124048
72,0.080388003,0.072021915,0.08992743,0.056589614,0.065351841,0.05917178,0.038034108,0.039982383,0.033180318,0.048045983,0.042716516,0.04038602,0.048501527,0.048518783,0.038226223,0.028236754,0.042996828,0.030992202,0.044942252,0.05178952
73,0.097117056,0.07501354,0.065037086,0.066003937,0.061931562,0.049637918,0.039114192,0.041421896,0.033122494,0.047517474,0.045904875,0.041104414,0.037744443,0.045667345,0.040393722,0.031332639,0.051829381,0.024610527,0.054701637,0.050793863
74,0.104183822,0.082371053,0.067162299,0.058373971,0.057944833,0.065275772,0.041974079,0.03656994,0.040032322,0.044660235,0.036099278,0.032601172,0.04567679,0.050910167,0.037925472,0.032014926,0.04355864,0.029191902,0.050594712,0.042878616
75,0.092927602,0.07660729,0.073705524,0.062344958,0.061220992,0.046893208,0.050735248,0.039611085,0.062965488,0.037688391,0.035611882,0.034555963,0.040303918,0.044210611,0.036160891,0.035815984,0.045895063,0.018271473,0.056501627,0.047972801
76,0.091152044,0.064221214,0.068518505,0.052061373,0.053382211,0.043491626,0.046190574,0.040636402,0.050941211,0.039224394,0.040384991,0.030365052,0.041195876,0.059092006,0.04705003,0.044514311,0.053673004,0.019421092,0.060098931,0.054385151
77,0.092254452,0.065853638,0.078927656,0.058424287,0.058119153,0.044848263,0.03975727,0.042128728,0.064932639,0.040703027,0.038116045,0.035922968,0.048088917,0.051687899,0.036607194,0.034109916,0.046666506,0.023144229,0.050543212,0.049164003
78,0.114726009,0.065478014,0.077510776,0.062032476,0.060386938,0.045166861,0.040150834,0.039946596,0.040074673,0.03847447,0.036760293,0.034648903,0.047194572,0.043006429,0.035911342,0.049051358,0.04840502,0.020744351,0.052154998,0.048175087
79,0.081136755,0.074368127,0.071556086,0.055229749,0.068047342,0.053439291,0.046900776,0.040223975,0.067088293,0.040940752,0.046980292,0.030833179,0.04030626,0.045658065,0.03645633,0.040408007,0.045411253,0.019260644,0.046217808,0.049537016
80,0.096788881,0.079800681,0.074966005,0.068482168,0.064949743,0.045503339,0.057101492,0.044761396,0.058272222,0.035893181,0.040601192,0.038184485,0.047987412,0.042601363,0.034775318,0.028080184,0.037968173,0.027739924,0.042075427,0.033467413
81,0.102691741,0.098924393,0.080854322,0.056858559,0.077508475,0.038324991,0.052482961,0.037012406,0.060907823,0.029468543,0.031769058,0.027008866,0.038141046,0.052537884,0.035558073,0.029363563,0.041869483,0.026503282,0.047438467,0.034776064
82,0.105620856,0.085272178,0.070182941,0.049007152,0.053953643,0.047872626,0.062898941,0.035682375,0.062508636,0.034624537,0.028418335,0.02273938,0.048249922,0.052826233,0.035724864,0.0471851,0.040895784,0.031836368,0.042079079,0.042421049
83,0.10246935,0.071123998,0.080670391,0.060166649,0.059184653,0.039850791,0.0596661,0.044438895,0.051108952,0.040541021,0.035773923,0.038294558,0.046794853,0.047693049,0.036017584,0.032874603,0.045247395,0.0304377,0.038120122,0.039525414
84,0.085151461,0.090200695,0.07613183,0.051909168,0.055255064,0.046793392,0.078429034,0.039731166,0.054925863,0.034471933,0.035207723,0.02707364,0.049315339,0.048140283,0.033740321,0.040025435,0.047138547,0.026318463,0.046271576,0.033769067
85,0.105547431,0.071290044,0.065462429,0.073495085,0.061105119,0.053563125,0.05762066,0.033280385,0.05945497,0.056497986,0.044542278,0.028593535,0.041738459,0.046476344,0.031742536,0.023013725,0.039894821,0.024739458,0.040519678,0.041421932
86,0.10639225,0.072157042,0.078419129,0.06358982,0.061250973,0.051362735,0.052395117,0.032078689,0.049952395,0.056637375,0.046907205,0.032422488,0.047516014,0.045878231,0.033351094,0.025373917,0.036899053,0.024235338,0.043080493,0.040100642
87,0.102088117,0.07019942,0.07414588,0.06211675,0.053839952,0.051296922,0.055473044,0.044446405,0.054678822,0.05027358,0.050100498,0.02994113,0.04423866,0.048408211,0.03331625,0.024287248,0.039570115,0.025675932,0.04422076,0.041682305
88,0.108835427,0.069381121,0.065228293,0.065156162,0.053646884,0.047793603,0.05237573,0.03133481,0.06451752,0.052905743,0.04184097,0.027522115,0.042146337,0.061439343,0.042083968,0.022671775,0.037621295,0.023309128,0.052783952,0.037405824
89,0.114374251,0.07074073,0.063229057,0.074672201,0.05698416,0.064318866,0.045889478,0.034575871,0.054410396,0.057832426,0.042394028,0.021127447,0.049630131,0.044745841,0.036462021,0.024685161,0.040199081,0.025213291,0.039183419,0.039332145
90,0.112379686,0.054979983,0.106831746,0.06118722,0.054091373,0.044941191,0.062893447,0.036624307,0.05157327,0.038423028,0.034970059,0.038051312,0.048853376,0.041540376,0.027059238,0.020111064,0.050379132,0.033571531,0.045266339,0.036272322
91,0.120365145,0.058016085,0.092918929,0.059770077,0.053243961,0.058847034,0.037911278,0.031588109,0.043115483,0.050440562,0.030202408,0.032150947,0.04490156,0.04831192,0.03141388,0.028403529,0.047976508,0.033923946,0.050761058,0.045737582
92,0.097766642,0.069249586,0.078170871,0.060361898,0.0510059,0.058773994,0.045602358,0.044233958,0.036427819,0.049626398,0.037426071,0.04404029,0.046089134,0.041948532,0.032263634,0.025902938,0.048117284,0.035082999,0.050369842,0.04753985
93,0.105120145,0.066935975,0.09016674,0.048571054,0.052463476,0.060419685,0.052106934,0.037443559,0.042326571,0.056167065,0.035539463,0.036883348,0.046285953,0.047276415,0.030638742,0.02387165,0.038543941,0.026596813,0.052959976,0.049682496
94,0.097707824,0.067091718,0.098470145,0.049739605,0.048709369,0.049607975,0.066461196,0.03823435,0.038847545,0.044337551,0.035719974,0.025541782,0.049752904,0.051257559,0.03334226,0.026260909,0.042339065,0.03371466,0.050425165,0.052438444
95,0.090726331,0.074460439,0.074525455,0.070412658,0.063101157,0.03162445,0.060360777,0.037196748,0.047114057,0.049283383,0.035684714,0.035787721,0.044476024,0.045801102,0.030084322,0.047171242,0.047111412,0.031246441,0.0387569,0.045074667
96,0.091744675,0.071701062,0.070737558,0.04866103,0.055153962,0.06096454,0.05159646,0.038088493,0.052911148,0.055062077,0.043287194,0.023191197,0.053027487,0.048720132,0.037163734,0.034314247,0.053011237,0.029648716,0.037881486,0.043133563
97,0.087625861,0.071244339,0.075417901,0.051789651,0.063250211,0.039211208,0.047025622,0.035346972,0.051603994,0.046938377,0.037436488,0.033503706,0.063538538,0.052161493,0.040061886,0.034272378,0.052119973,0.029719851,0.041806773,0.04592478
98,0.098734683,0.076909344,0.087839937,0.051266952,0.064198014,0.050026826,0.0456313,0.035656208,0.040968369,0.050830492,0.041940059,0.028741627,0.050456008,0.052636329,0.035515714,0.037982009,0.040743275,0.027188752,0.041627714,0.041106387
99,0.080197014,0.079694411,0.069028368,0.056482398,0.048090638,0.063580451,0.061013376,0.043627294,0.047725625,0.047785883,0.040743988,0.040521446,0.048742922,0.047408491,0.030331751,0.034660339,0.043209292,0.033613834,0.043404119,0.040138361
100,0.100590317,0.062847785,0.073628139,0.080313003,0.059115392,0.041037317,0.039054932,0.036906699,0.03975198,0.055433337,0.042576192,0.022779044,0.050895464,0.056565597,0.038549646,0.025614383,0.041673126,0.029821187,0.059679342,0.04316712
101,0.090955588,0.083354304,0.084894386,0.068353491,0.058380932,0.038385949,0.035474205,0.046043213,0.050818001,0.050966449,0.046126579,0.015924103,0.054803982,0.052265244,0.036874136,0.034367638,0.043553377,0.024376828,0.041218548,0.042863047
102,0.085307019,0.072977022,0.087621305,0.063924165,0.06251639,0.047129043,0.036234611,0.046410205,0.041910589,0.057070004,0.045328515,0.021604479,0.045127568,0.052102519,0.035297223,0.02974999,0.04263535,0.028598464,0.056198773,0.042256766
103,0.08668688,0.07141339,0.089756551,0.070304296,0.060372808,0.047724848,0.036761922,0.044729727,0.036475191,0.042051581,0.042749663,0.021099059,0.049442807,0.058672651,0.041041776,0.027219883,0.049920231,0.028304319,0.045563208,0.04970921
104,0.09916648,0.079345933,0.068869784,0.070213881,0.061547544,0.036151446,0.043102601,0.036094851,0.041155756,0.053411498,0.053824679,0.024812703,0.044046436,0.051858134,0.041133411,0.024302423,0.046834786,0.032766973,0.054541587,0.036819094
105,0.084137199,0.077625629,0.076542604,0.048757812,0.075362701,0.039236591,0.046486128,0.042835483,0.055372457,0.053379421,0.038283101,0.019797745,0.063470736,0.046386289,0.040394248,0.027508354,0.042920257,0.027196865,0.036781593,0.057524787
106,0.091308489,0.089077134,0.073077272,0.050608954,0.05740225,0.043210866,0.039060146,0.045662719,0.056763093,0.056491219,0.042929662,0.024140395,0.060911869,0.048152662,0.040243754,0.028418635,0.036029914,0.021045339,0.047015058,0.048450569
107,0.09387691,0.088810529,0.083907323,0.071557681,0.055798588,0.050778271,0.039322083,0.036494301,0.052960216,0.041785168,0.03945168,0.021833902,0.048093615,0.050786736,0.037739441,0.02941152,0.039733553,0.024785042,0.039809765,0.053063676
108,0.090407896,0.064934771,0.091057557,0.065992834,0.058640882,0.048838876,0.051288779,0.036643452,0.044311066,0.045241476,0.041035548,0.039435093,0.054346452,0.042414259,0.03952283,0.022929986,0.043625855,0.025397431,0.040363763,0.053571195
109,0.094150388,0.096728185,0.067510983,0.052715265,0.062005009,0.061036824,0.034594947,0.058558485,0.048333087,0.037181739,0.035455795,0.020682784,0.052876731,0.041807164,0.037589788,0.029631834,0.035157771,0.022213565,0.048961219,0.062808437
110,0.086081572,0.070690176,0.072244005,0.04375891,0.062542241,0.074309002,0.050189661,0.046045056,0.039050388,0.044943685,0.034248425,0.038805502,0.043118557,0.041925661,0.042113144,0.039597188,0.048493473,0.027112003,0.051636749,0.043094602
111,0.087043922,0.072768003,0.065897908,0.049727018,0.067463438,0.062624316,0.05283494,0.046556133,0.040282363,0.038385247,0.032875813,0.041538235,0.048480544,0.04475974,0.039178931,0.044446412,0.053934729,0.03343826,0.039157458,0.038606589
112,0.075125224,0.083135086,0.077445461,0.049203125,0.065297949,0.057256748,0.045262159,0.063571679,0.046527066,0.046073407,0.03481126,0.030224627,0.038562398,0.047846909,0.040731692,0.035550947,0.045783622,0.029476205,0.045913411,0.042201024
113,0.092716821,0.079631695,0.07624768,0.068615587,0.061639026,0.066190552,0.04328737,0.051079891,0.049695758,0.042502279,0.032451782,0.034956996,0.040510117,0.036981651,0.038997487,0.022565406,0.041919379,0.027501571,0.047009745,0.045499206
114,0.088272627,0.059993688,0.083622068,0.050950536,0.069398379,0.060169958,0.047190959,0.04869913,0.052192203,0.042036889,0.031114744,0.041043775,0.041849571,0.049099306,0.039283951,0.028239561,0.05006419,0.026537497,0.051774923,0.038466043
115,0.086678241,0.072984076,0.084200579,0.054286996,0.060119044,0.053630876,0.05449929,0.035685556,0.061728023,0.043881029,0.040328351,0.024513777,0.047302803,0.054859998,0.041003801,0.024647271,0.035867983,0.024963149,0.060034644,0.038784511
116,0.089474725,0.078974263,0.072088219,0.064699532,0.069225422,0.0427187,0.049357179,0.039762229,0.056601717,0.055993296,0.039118653,0.03059089,0.045202498,0.04841209,0.034258258,0.025209702,0.039408659,0.022450053,0.050940099,0.045513816
117,0.080624456,0.076065409,0.09165725,0.062922374,0.065800772,0.04790101,0.058576821,0.037311534,0.051281252,0.049886764,0.037687778,0.033322312,0.04461594,0.048391062,0.035428083,0.022017949,0.045184703,0.026495662,0.048579089,0.036249779
118,0.079638941,0.059065039,0.064797564,0.059231234,0.0631435,0.055940348,0.053295493,0.050785659,0.066420474,0.059453436,0.047525648,0.028739193,0.051816264,0.058699073,0.029608762,0.020412978,0.044978141,0.022470266,0.045762965,0.038215024
119,0.085601088,0.076827207,0.079359193,0.066431407,0.055016198,0.055208997,0.057770136,0.039832858,0.046582825,0.053932902,0.038719193,0.023942107,0.053019643,0.055452753,0.037539092,0.025591603,0.036733014,0.022494588,0.052198356,0.037746841
120,0.075071687,0.06878134,0.088420143,0.055653561,0.057199252,0.050829683,0.051304184,0.039791038,0.043453889,0.0427667,0.047283274,0.028720924,0.049406367,0.05226639,0.037899601,0.034269669,0.052597433,0.029681348,0.053532356,0.041071162
121,0.091806635,0.070097393,0.068019856,0.050625117,0.062424689,0.045741794,0.075258743,0.02925296,0.043221546,0.046061843,0.060443602,0.026021961,0.041441266,0.051588621,0.032230142,0.042043791,0.045097631,0.0272388,0.05308416,0.03829945
122,0.09515274,0.076712461,0.087981178,0.05390438,0.05714334,0.047726021,0.060071373,0.028984081,0.038521348,0.048000788,0.055735532,0.025378887,0.040961083,0.051770503,0.034742505,0.029659184,0.035766383,0.028251793,0.065315032,0.038221386
123,0.076767429,0.065146539,0.06499593,0.066581573,0.054675021,0.045315425,0.059667387,0.032245801,0.047072267,0.052958539,0.054471694,0.023852666,0.046105844,0.04934215,0.039520786,0.042468311,0.044933017,0.03348766,0.054149239,0.046242722
124,0.097460301,0.07463823,0.082819236,0.04868028,0.056338054,0.041864349,0.05204658,0.034114119,0.047641554,0.050867887,0.053422958,0.030909697,0.040216587,0.048610221,0.034739627,0.034750667,0.056272365,0.023652567,0.054552478,0.036402244
125,0.091028104,0.087384321,0.082663433,0.072528929,0.064755132,0.051332254,0.038504284,0.0354541,0.040138158,0.058714168,0.036394005,0.0238985,0.050447005,0.056742033,0.035461186,0.023070628,0.040453551,0.027515909,0.04495668,0.038557618
126,0.096208868,0.078483667,0.074272565,0.062673113,0.07353448,0.05727562,0.038271252,0.033493536,0.039593437,0.048785522,0.043655061,0.025645043,0.052803202,0.061073667,0.037117252,0.026249456,0.042509137,0.025654061,0.043198499,0.039502562
127,0.098968557,0.087200035,0.081681972,0.064597222,0.0748381,0.054235669,0.034730035,0.039060399,0.042420461,0.04497474,0.043463974,0.030514972,0.039549863,0.052357377,0.037460497,0.02371563,0.038754473,0.028037458,0.049659127,0.033779441
128,0.101362764,0.078613079,0.068768946,0.080075809,0.065103259,0.053731365,0.043108252,0.041735801,0.03570731,0.051556265,0.036819278,0.042011075,0.045633097,0.050086322,0.033297081,0.0215409,0.039498934,0.022432291,0.049477842,0.039440328
129,0.098842889,0.08478476,0.096253559,0.06720081,0.062355832,0.061099501,0.033006315,0.033957978,0.036911524,0.054492733,0.039773783,0.031518775,0.042062931,0.052075854,0.038846697,0.023998173,0.045607968,0.021808585,0.042874046,0.032527289
130,0.095652206,0.061356475,0.070878807,0.04357272,0.061836731,0.045245155,0.058012803,0.046763473,0.056007596,0.048674073,0.048185332,0.022481219,0.052454467,0.052160309,0.041605608,0.033073138,0.047949605,0.021125738,0.056561193,0.036403351
131,0.094632668,0.055712312,0.06163424,0.058200667,0.062653716,0.05950915,0.052248843,0.046710866,0.053528058,0.04277392,0.047865925,0.039976551,0.047610843,0.051032355,0.035468312,0.039080705,0.038225675,0.026011919,0.049163465,0.03795981
132,0.087459977,0.067985415,0.068899501,0.052958275,0.054596431,0.053291455,0.055396897,0.032638663,0.055662385,0.035337268,0.053006783,0.037071944,0.047736843,0.050554024,0.041188853,0.037768118,0.041790843,0.03721566,0.051286895,0.03815377
133,0.092611257,0.067144259,0.077476855,0.04599227,0.059982514,0.06308631,0.043501106,0.037711132,0.046035047,0.048537194,0.044503388,0.025368324,0.052116699,0.057050946,0.043167358,0.02866646,0.046523224,0.027310024,0.055715846,0.037499788
134,0.090355213,0.068171715,0.07186461,0.054003324,0.058075789,0.056505471,0.056875871,0.046089457,0.048203942,0.045359295,0.046337414,0.024221536,0.055795124,0.04687241,0.035995982,0.031062754,0.042964061,0.028298218,0.058374671,0.034573144
135,0.131486029,0.057805897,0.091675726,0.070338409,0.06151775,0.023191074,0.044511526,0.031285108,0.038038728,0.046011159,0.042451278,0.029626349,0.051723787,0.052294905,0.032420007,0.031511166,0.046706187,0.020878368,0.049650486,0.04687606
136,0.098863529,0.070833725,0.065010426,0.079279994,0.066746469,0.030207126,0.060150328,0.046038618,0.039814377,0.042209334,0.044866683,0.031212085,0.043269038,0.045601362,0.033856269,0.039448718,0.049784364,0.027908382,0.043063757,0.041835417
137,0.107993881,0.053443433,0.073012127,0.094206282,0.058887691,0.040577247,0.052271552,0.043532846,0.033931668,0.045280137,0.047079886,0.022779646,0.045171862,0.052265138,0.034203292,0.035370579,0.04449698,0.024019812,0.04252139,0.048954551
138,0.106732861,0.052313733,0.075342028,0.067131462,0.06139701,0.035299555,0.054069891,0.042608615,0.05308282,0.040145369,0.040240908,0.025954364,0.051794363,0.058152623,0.032564988,0.032825737,0.047293048,0.028002291,0.047318279,0.047730055
139,0.12275599,0.055692446,0.076614673,0.076274785,0.049655132,0.031357593,0.054642614,0.039338108,0.046473545,0.040832147,0.037343865,0.022862336,0.048766446,0.053256979,0.033136127,0.029420029,0.044406577,0.031726382,0.06031325,0.045130978
140,0.08091405,0.063775915,0.079540549,0.06277949,0.059843994,0.064722645,0.057830795,0.048558009,0.047514177,0.045059735,0.03910192,0.024039695,0.045487695,0.056696094,0.034324508,0.024235251,0.045136595,0.020195092,0.051444158,0.048799632
141,0.091511332,0.066723957,0.077204366,0.06407189,0.05900904,0.062103457,0.051724278,0.039569016,0.040295688,0.045372661,0.034705202,0.027540836,0.046731679,0.053107044,0.036371033,0.032982258,0.049448759,0.019913953,0.048341557,0.053271993
142,0.085036555,0.068223389,0.074083664,0.062287212,0.063222576,0.055448872,0.041572488,0.044541357,0.047126641,0.048271789,0.04017479,0.025043308,0.050126464,0.055921914,0.03162622,0.030967189,0.04845209,0.023444989,0.054363876,0.050064618
143,0.07788347,0.063878403,0.073076168,0.055733015,0.063208666,0.05109933,0.043230828,0.046005957,0.046298173,0.048388953,0.042488189,0.029813017,0.059674574,0.056720376,0.047320437,0.028601022,0.048292655,0.022783994,0.051484444,0.044018328
144,0.092488629,0.067657391,0.089606763,0.048493574,0.065488473,0.060048387,0.047174882,0.04349552,0.039242857,0.044178413,0.036905112,0.030176304,0.045389867,0.057408076,0.031999715,0.03591742,0.054333393,0.022690813,0.04095618,0.046348232
145,0.101721537,0.084579351,0.055945029,0.073215347,0.080721013,0.05232014,0.041126734,0.038059271,0.05925159,0.036391497,0.040195349,0.021025155,0.051434957,0.045531133,0.03589538,0.027624716,0.037230877,0.026554861,0.051642763,0.0395333
146,0.098656857,0.084086956,0.055785338,0.057245779,0.07322052,0.070313949,0.050286003,0.042921379,0.044536545,0.044843727,0.044972126,0.023667882,0.038993052,0.046699757,0.037519664,0.028622315,0.04422169,0.024033382,0.049628654,0.039744423
147,0.113384619,0.097387946,0.061291202,0.05520608,0.081885377,0.059796226,0.040240739,0.043095683,0.046091891,0.039406594,0.03929085,0.019721156,0.045044053,0.045015174,0.038834003,0.027122818,0.037284302,0.028972374,0.043874693,0.03705422
148,0.092154612,0.079955561,0.052288375,0.066776882,0.073051982,0.05946855,0.047136239,0.034101755,0.046277188,0.046729899,0.045741899,0.029046542,0.053624418,0.045392559,0.037362446,0.031696217,0.045767173,0.028421718,0.049664663,0.035341324
149,0.092494695,0.081678078,0.062268137,0.055037192,0.08084399,0.050586665,0.055993929,0.033502564,0.057944909,0.049629352,0.046846433,0.020002243,0.046673563,0.045459374,0.040746855,0.024157819,0.043219717,0.025822961,0.051726435,0.035365091
150,0.110430018,0.073526335,0.065688612,0.061514169,0.078693755,0.046248947,0.048826937,0.032999581,0.04786745,0.04376042,0.037988606,0.030932324,0.038636964,0.051530446,0.035948141,0.032732175,0.050995282,0.020210626,0.039562555,0.051906659
151,0.07932827,0.10059228,0.079672991,0.049930904,0.060486815,0.040577264,0.045930459,0.03962987,0.061180441,0.039351719,0.039675551,0.024085443,0.042162875,0.055501213,0.038767936,0.038734346,0.043762362,0.034661463,0.04649044,0.039477359
152,0.09201622,0.087771227,0.057435504,0.060388796,0.069755341,0.035568779,0.057833964,0.039883163,0.064925212,0.044788344,0.036855987,0.037045438,0.03778939,0.048601378,0.036812099,0.030085666,0.044813737,0.023769391,0.045841435,0.048018929
153,0.09390614,0.091141322,0.069189448,0.062269481,0.060910236,0.052199013,0.054451589,0.03969466,0.054297158,0.045620732,0.033308308,0.033344954,0.042915167,0.048354309,0.035933198,0.024367409,0.038784758,0.019908138,0.04364574,0.05575824
154,0.091126586,0.090755808,0.057025164,0.0447101,0.067348458,0.044147722,0.059452029,0.042404303,0.069276744,0.039595309,0.040488965,0.030444641,0.043575336,0.047901063,0.039375677,0.030052962,0.040607995,0.027801063,0.043420054,0.050490019
155,0.120385595,0.084903188,0.075048022,0.061207942,0.069583009,0.041731427,0.048722769,0.038654035,0.044885709,0.047488456,0.029285583,0.019061129,0.051183443,0.050304471,0.035415411,0.029392942,0.034554924,0.021890441,0.053652157,0.042649345
156,0.107626649,0.061353152,0.08980897,0.071043013,0.065764474,0.034649481,0.058327211,0.044541042,0.035355317,0.050263435,0.036947885,0.016431954,0.04207184,0.067125385,0.032284301,0.032624876,0.038158171,0.028562575,0.045758269,0.041302001
157,0.104597165,0.077708674,0.082676914,0.064305269,0.054686712,0.032250607,0.052369463,0.042736861,0.04334702,0.044754204,0.029154002,0.025342224,0.043339315,0.057302334,0.040606098,0.037809245,0.04504393,0.02579561,0.049693153,0.0464812
158,0.112387211,0.065364699,0.092973912,0.055441689,0.060508871,0.042086327,0.056685329,0.03890302,0.03808855,0.050883193,0.038940901,0.01575904,0.050578569,0.05653986,0.032556844,0.033562677,0.041150756,0.032157895,0.045706984,0.039723673
159,0.117204492,0.065023046,0.087854874,0.062939915,0.076900628,0.035509753,0.042399167,0.044846512,0.04058792,0.042902702,0.02834879,0.028414735,0.036955044,0.058689596,0.038095759,0.028732383,0.038823484,0.029119682,0.042097085,0.054554433
160,0.081466875,0.06893279,0.06769433,0.061324979,0.058543079,0.04571158,0.047506478,0.044096433,0.050275876,0.040676825,0.040385184,0.041539808,0.046110947,0.047918059,0.03428365,0.039994828,0.052555623,0.039357136,0.044277453,0.047348068
161,0.088922185,0.068018977,0.066907097,0.057963741,0.068762658,0.052144973,0.044613673,0.036069061,0.046247864,0.046925595,0.036978072,0.035534407,0.043450398,0.048094671,0.033152309,0.040340716,0.047530015,0.040952479,0.049287981,0.048103128
162,0.084441791,0.0784737,0.06544342,0.057730529,0.065152082,0.056768587,0.038523163,0.037239233,0.05003228,0.04594277,0.039478389,0.040510847,0.048517721,0.044054373,0.03693057,0.04345362,0.039805037,0.037912835,0.042525582,0.047063474
163,0.086518661,0.067149628,0.058073527,0.051808121,0.061597451,0.074869961,0.048264396,0.042922281,0.046326061,0.041022146,0.033638728,0.042526991,0.041036364,0.050727976,0.034491679,0.046429594,0.043975391,0.039162999,0.038620129,0.050837916
